.Random.seed <-
c(403L, 10L, -798064212L, 1482191746L, -1828161187L, 214890583L, 
-1793937602L, 1102272376L, 444824667L, 534932409L, 1745771016L, 
2112635062L, -829917199L, -67476957L, -1989375374L, -1627107132L, 
1384838791L, 1118056029L, -2005512108L, -1001262470L, 341985733L, 
-1918403809L, 264746662L, -1174362064L, 838908627L, -1936797455L, 
369318944L, 609192638L, -992117047L, 733994107L, 1805562442L, 
640747180L, -1898069585L, 350660965L, -1341114596L, 548027250L, 
1707644909L, -928032729L, -1483153330L, 2006844584L, -1326159189L, 
1379098569L, 690811864L, -2138615162L, -896613535L, -125450509L, 
1096661346L, 1012762580L, -423054633L, -2113021747L, -1001754524L, 
721231434L, 859884469L, -1201391857L, 1026966550L, 1214230208L, 
1312946307L, -1502849887L, -732644720L, 524527982L, 1359333145L, 
469941163L, 768575898L, -1374450340L, -1569184673L, -2121753547L, 
-1782806580L, 293720866L, 2002275709L, 2078662263L, 378259358L, 
721102424L, 1772212155L, 1492279641L, -142419224L, 1242194710L, 
1860068497L, -338052797L, 1831588946L, 904423140L, 76751143L, 
-123580035L, 1520834676L, -2065884582L, 207287973L, -1262410561L, 
414168902L, 1358640592L, -354883597L, 1602690833L, 1403674432L, 
-595073250L, -1430579223L, -2143683301L, -1920395478L, -189241268L, 
-1176182769L, 1972153157L, -1801159428L, -2134717614L, -19149619L, 
-2145162105L, -794462354L, -2092349112L, -857903797L, -1977880407L, 
-107236872L, -616218330L, 449487425L, 1026608083L, 1161132418L, 
421711284L, -1236985545L, -1360180179L, -365610684L, 1818390122L, 
559335637L, -1021155729L, 233370486L, -1789975392L, -226214557L, 
-1464054271L, 1956908400L, -996471538L, 1134382969L, 842002187L, 
-748425158L, -202178756L, 1106934911L, 644485077L, -1485954580L, 
61526850L, -388072291L, -84130537L, 1660927102L, -255208392L, 
-1795656933L, -681789319L, 614899912L, 499149046L, -1533986511L, 
-821128861L, -1606122702L, -1065169788L, -3393337L, -1868389475L, 
497534740L, 729710010L, 133438469L, -516001313L, -272976794L, 
2023183344L, 175582483L, 665637553L, 1356479840L, 606434046L, 
1078800009L, 295983547L, 737018762L, -518952340L, -1157585937L, 
1352633381L, 661869788L, 1955310258L, -1658548819L, -636858009L, 
1344794254L, -1767819416L, 284012395L, 1359362313L, 309604248L, 
-897870138L, -844340191L, 1193504947L, -1671222750L, -429757420L, 
1873690775L, -1286376819L, 871375780L, 770940298L, 329058805L, 
2133828687L, -636189866L, -83068416L, -1661594813L, -1886309663L, 
90497104L, -315981650L, 758379609L, 814531691L, -390100518L, 
-729279844L, 1706667167L, 1215225589L, 2042798988L, -81284510L, 
835667517L, -563386185L, 1982289758L, 1505794712L, 1902758395L, 
868119449L, 108284968L, -928006954L, 298117457L, -472872957L, 
-1462464622L, -1880023772L, -1301597209L, -210876355L, -1850198348L, 
1710742810L, -578834843L, 2070110975L, 1983051654L, -1033533168L, 
-1533724237L, -1880169903L, 143012352L, 1915432670L, -256088791L, 
1270573275L, 1501802474L, 2100039564L, 177635535L, 2027749509L, 
-1081916612L, -1223378414L, -1838444275L, 135443920L, 32929772L, 
1627515796L, 745998546L, 448480352L, 1844317516L, -1660808416L, 
193305218L, -1095646744L, 871570412L, 362380860L, -840186254L, 
95259504L, -43156188L, -655599048L, 1079652762L, 2107469264L, 
-913267268L, -1604014444L, -1411669374L, -1804911168L, -1975183556L, 
-1701735792L, -774539486L, -558500344L, 333325068L, 320938908L, 
2080578578L, -356357248L, 1211284244L, 1351365928L, 1001001018L, 
371311568L, 1842231916L, -226407372L, -1351102318L, 1318844768L, 
1299701068L, 247780832L, 40950690L, -2012136536L, -232432500L, 
117683132L, -1051155342L, -1365481488L, 879313988L, 2088691800L, 
-1642733510L, 1845749872L, 1777770044L, -327571692L, -486913342L, 
-1088040224L, 864584828L, -1803711280L, -442149982L, 151309864L, 
506831116L, -1168193604L, 1635234098L, -971278144L, -987090380L, 
1882069704L, -1213037894L, 1913818256L, 252479212L, -1811425708L, 
1793451666L, -680179936L, 117446604L, -174700320L, 940035778L, 
550048808L, 496597932L, -971969860L, -2143518222L, -1224538576L, 
2102941604L, -984866376L, -1337345190L, -1973693296L, -373154948L, 
-1554342124L, -1521607358L, -1912123648L, 2136497084L, 322355024L, 
1689641250L, -1236022712L, -312911860L, 228019292L, -824798766L, 
1602811392L, -1792151212L, 1984266472L, 541831418L, 1697916624L, 
-241907412L, 95230196L, -1356960366L, 609298784L, -1724635124L, 
1615760096L, -497974686L, 514734760L, -170182068L, -1621809284L, 
1971711282L, -824752528L, 1197849412L, 2021246936L, -2111275142L, 
1675693616L, 1464186812L, -2037303724L, -495359934L, -1221599072L, 
-824594756L, 1830848976L, -254164126L, -1823505688L, -1578319668L, 
-1095671300L, 429394418L, 899472000L, -1787709964L, -733624696L, 
1649786682L, 1837974352L, 1010881644L, 1713756564L, -513366958L, 
-498275872L, -1147814708L, 2126032032L, -1185843838L, -539975448L, 
581983980L, 137178428L, -573064078L, 1963966576L, -102475740L, 
1737862200L, -1068320998L, -1854063408L, 1496086332L, -1640130668L, 
-952923262L, 1610035648L, 2097884732L, -33585776L, 830498338L, 
-1302749944L, 1791510156L, -313829604L, 687743122L, -1943688832L, 
-1535132140L, 755642152L, 225464890L, -1157589552L, 1862191468L, 
232588212L, -282097646L, -1646244384L, -1759150132L, -22585120L, 
822999074L, -937475800L, -1378886132L, 796811068L, 368983026L, 
1713572592L, -1508121020L, -1592843688L, -672399558L, -1102424592L, 
1077546684L, -1332799212L, 1050434242L, 1015073888L, -760401028L, 
1436649424L, -1698348766L, -1909929304L, -1681886324L, -274454340L, 
334489394L, 1932585536L, -347331404L, -1045005752L, 1833795002L, 
-789980656L, -603739412L, -1384961708L, -1098743534L, -1963090528L, 
706845388L, -790299040L, 1638809538L, -936100056L, -1816588372L, 
-1022840004L, -1264776846L, 734550832L, -2145565404L, 1943665464L, 
-1912285478L, 2146008976L, 994946812L, 1130390420L, 1731885122L, 
-1152826112L, -67804100L, 534290768L, -750376798L, -1041934008L, 
1312171788L, 254169820L, 283544914L, -722805632L, 1908629588L, 
-1478707224L, 989462778L, 306916176L, -1791582420L, 2098911604L, 
1105306629L, -1180901470L, 778009488L, -1720565959L, 660351979L, 
-1234182948L, -1103010550L, -224203777L, -905703863L, -1439114274L, 
1874035596L, 1411146589L, 1409270631L, 1908811920L, -1799555410L, 
-1197386917L, 429138749L, 1945840042L, -1120680376L, 721237617L, 
-862025757L, 571568868L, -1983976942L, 1987698151L, -966571599L, 
-2118483978L, 159228436L, -182186715L, -1450729937L, -1290490904L, 
219659462L, -2015483533L, 929862101L, -1629526606L, -999703680L, 
1923686249L, 1304875995L, -2080449748L, 1361200442L, -894469137L, 
-1917645191L, 509368590L, 10668252L, 312721229L, -1104679241L, 
-670204864L, 1875301662L, 1710673899L, 1658024813L, -956857894L, 
-1634133096L, 1608835585L, -501050445L, -185355564L, -1833716766L, 
389924471L, 1348304833L, -1946657466L, -1322668924L, -768232907L, 
-623379937L, 694918520L, 1905417302L, 390242531L, 1813391013L, 
-1500394686L, -680795856L, -2144257703L, -12043573L, -2004524228L, 
-1288025238L, -159798881L, 1247256617L, -525665602L, -257213524L, 
908069117L, -2064554937L, -1361116368L, -313457586L, 695986299L, 
-622777379L, 348713482L, -1388153048L, 1237297553L, -1347539069L, 
-1990523772L, 613671602L, -290458105L, -702450095L, 2144800214L, 
876306612L, 231840965L, 915299855L, 348722824L, 989191078L, -2140597421L, 
403782837L, 1542339090L, 1182357472L, 504203849L, 1006977147L, 
1848971596L, 57754842L, 2123506895L, 1419341977L, 736652462L, 
-1531913796L, -816717267L, -476736041L, -393937888L, 718446974L, 
356347723L, 1278571853L, -1666958470L, -25502280L, 10698593L, 
-1299712237L, 2136149812L, 1900043586L, 1362547031L, -454927199L, 
808043878L, -891836572L, -194378091L, 501006271L, 1770865496L, 
-958004874L, -49282173L, 1815601605L, -1711102238L, 455665488L, 
920724089L, -954137173L, 416025372L, 703945802L, 802555967L, 
-819505015L, -1657324386L, 161556812L, 1494626589L, 989273255L, 
1790585808L, 354112366L, 1737871899L, -1588317315L, -159477398L, 
